#Name ABF1
#Condition YPD
#Pathway None
#Gene ABFP1
#Version 1.1
#Genome sacSer3

0.238277 0.238938 0.240944 0.250488 0.224275 0.020998 0.021542 0.012667 0.393555 0.197053 0.530752 0.296460 0.772408 0.425631 0.025716 0.022131 0.948391 0.035433 0.494154 0.261868 0.378786 0.366567
0.228863 0.163550 0.183318 0.146627 0.248268 0.947787 0.017930 0.018204 0.157245 0.243351 0.100410 0.062406 0.081377 0.030510 0.160501 0.018327 0.021544 0.225722 0.130202 0.148691 0.132185 0.135375
0.184095 0.205796 0.147547 0.156690 0.044563 0.011994 0.937446 0.010048 0.228591 0.157952 0.197144 0.137513 0.108352 0.502047 0.029237 0.928939 0.018293 0.032880 0.168117 0.180152 0.182657 0.112294
0.348765 0.391716 0.428191 0.446196 0.482894 0.019221 0.023083 0.959082 0.220609 0.401644 0.171694 0.503622 0.037863 0.041811 0.784547 0.030603 0.011772 0.705965 0.207527 0.409289 0.306373 0.385763