0.01681
0.01681
0.01681
0.01681
0.01681
0.01681
0.01681
0.01681
0.01681
0.01681
0.01681
0.01681
0.01681
0.01681
0.01681
0.01681
0.01681
0.01681
0.01681
0.01681
0.01681
0.01681
0.01681
0.01681
0.01681
0.01681
0.01681
0.01681
0.01681
0.01681
0.01681
0.01681
0.01681
0.01681
0.01681
0.01681
0.01681
0.01681
0.01681
0.01681
0.01681
0.01681
0.01681
0.01681
0.01681
0.01681
0.01681
0.01681
0.01681
0.01681
0.01681
0.01681
0.01681
0.01681
0.01681
0.01681
0.01681
0.01681
0.01681
0.01681
0.01681
0.01681
0.01681
0.01681
0.01681
0.01681
0.01681
0.01681
0.01681
0.01681
0.05129
0.01681
0.01681
0.01681
0.01681
0.01681
0.01681
0.66036
0.01681
0.01681
0.01681
0.01681
0.01681
0.01681
0.10536
0.01681
0.01681
0.01681
0.01681
0.01681
0.01681
0.18232
0.01681
0.01681
0.01681
0.01681
0.01681
0.01681
0.01681
0.01681
0.01681
0.01681
0.01681
0.01681
0.01681
0.01681
0.01681
0.01681
0.01681
0.01681
0.01681
0.01681
0.01681
0.01681
0.01681
0.01681
0.01681
0.01681
0.01681
0.01681
0.01681
0.01681
0.01681
0.01681
0.01681
0.01681
0.01681
0.01681
0.01681
0.01681
0.01681
0.01681
0.01681
0.01681
0.01681
0.01681
0.01681
0.01681
0.01681
0.01681
0.01681
0.01681
0.01681
0.01681
0.01681
0.06899
0.01681
0.01681
0.01681
0.01681
0.01681
0.18232
0.01681
0.01681
0.01681
0.01681
0.01681
0.01681
0.03390
0.40547
0.01681
0.01681
0.01681
0.01681
0.01681
0.01681
0.01681
0.01681
0.01681
0.01681
0.01681
0.01681
0.01681
0.01681
0.01681
0.01681
0.01681
0.01681
0.01681
0.01681
0.01681
0.01681
0.01681
0.01681
0.01681
0.01681
0.01681
0.01681
0.01681
0.01681
0.01681
0.01681
0.01681
0.01681
0.01681
0.01681
0.01681
0.01681
0.01681
0.01681
0.01681
0.01681
0.01681
0.01681
0.01681
0.01681
0.01681
0.01681
0.01681
0.01681
0.01681
0.01681
0.01681
0.01681
0.01681
0.01681
0.01681
0.01681
0.01681
0.01681
0.01681
0.01681
0.01681
0.01681
0.01681
0.01681
0.01681
0.01681
0.01681
0.01681
0.01681
0.01681
0.01681
0.01681
0.01681
0.01681
0.01681
0.01681
0.01681
0.01681
0.01681
0.01681
0.01681
0.01681
0.01681
0.01681
0.01681
0.01681
0.01681
0.01681
0.01681
0.01681
0.01681
0.01681
0.01681
0.01681
0.01681
0.01681
0.01681
0.01681
0.01681
0.01681
0.01681
0.01681
0.01681
0.01681
0.01681
0.01681
0.01681
0.01681
0.01681
0.01681
0.01681
0.01681
0.01681
0.01681
0.01681
0.01681
0.01681
0.01681
0.01681
0.01681
0.01681
0.01681
0.01681
0.01681
0.01681
0.01681
0.01681
0.01681
0.01681
0.01681
0.01681
0.01681
0.01681
0.01681
0.01681
0.01681
0.01681
0.01681
0.01681
0.01681
0.01681
0.01681
0.01681
0.01681
0.01681
0.01681
0.01681
0.01681
0.01681
0.01681
0.01681
0.01681
0.01681
0.01681
0.01681
0.01681
0.01681
0.01681
0.01681
0.01681
0.01681
0.01681
0.01681
0.01681
0.01681
0.01681
0.01681
0.01681
0.01681
0.01681
0.01681
0.01681
0.01681
0.01681
0.01681
0.01681
0.01681
0.01681
0.01681
0.01681
0.01681
0.01681
0.01681
0.01681
0.01681
0.01681
0.01681
0.01681
0.01681
0.01681
0.01681
0.01681
0.01681
0.01681
0.01681
0.01681
0.01681
0.01681
0.01681
0.01681
0.01681
0.01681
0.01681
0.01681
0.01681
0.01681
0.01681
0.01681
0.01681
0.01681
0.01681
0.01681
0.01681
0.01681
0.01681
0.01681
0.01681
0.01681
0.01681
0.01681
0.01681
0.01681
0.01681
0.01681
0.01681
0.01681
0.01681
0.01681
0.01681
0.01681
0.01681
0.01681
0.01681
0.01681
0.01681
0.01681
0.01681
0.01681
0.01681
0.01681
0.01681
0.01681
0.01681
0.01681
0.01681
0.01681
0.01681
0.01681
0.01681
0.01681
0.01681
0.01681
0.01681
0.01681
0.01681
0.01681
0.01681
0.01681
0.01681
0.01681
0.01681
0.01681
0.01681
0.01681
0.01681
0.01681
0.01681
0.01681
0.01681
0.01681
0.01681
0.01681
0.01681
0.01681
0.01681
0.01681
0.01681
0.01681
0.01681
0.01681
0.01681
0.01681
0.01681
0.01681
0.01681
0.01681
0.01681
0.01681
0.01681
0.01681
0.01681
0.01681
0.01681
0.01681
0.01681
0.01681
0.01681
0.01681
0.01681
0.01681
0.01681
0.01681
0.01681
0.01681
0.01681
0.01681
0.01681
0.01681
0.01681
0.01681
0.01681
0.01681
0.01681
0.01681
0.01681
0.01681
0.01681
0.01681
0.01681
0.01681
0.01681
0.01681
0.01681
0.01681
0.01681
0.01681
0.01681
0.01681
0.01681
0.01681
0.01681
0.01681
0.01681
0.01681
0.01681
0.01681
0.01681
-0.00000
S
1