-82.6720672971
-79.562106303
-81.0817126662
-80.7748605826
-81.4611856221
-83.6688715512
-83.6601378204
-81.7200209502
-82.8372029694
-78.6208686231
-82.261041044
-84.0027828456
-79.8813908942
-81.8275766367
-79.9633308315
-82.774636704
-80.894833509
-81.3446410832
-80.9825416262
-82.8201054891
-79.3916745803
-80.8343965258
-86.0834854103
-81.7345879782
-81.8894831321
-81.4212295988
-81.2161108129
-80.6694902999
-79.7273518842
-85.5515895515
-82.4154651135
-82.116983583
-82.5555614154
-81.3830624631
-81.9057583877
-82.6787983518
-80.1546678469
-83.5277081624
-83.4638506895
-85.3777012692
-80.7653830383
-84.0111872391
-82.2593796809
-80.7671517869
-83.4667759962
-83.3243533012
-82.4805779174
-78.7481446566
-80.0577064847
-82.0420571689
-80.5598611009
-85.0105288052
-82.4164171435
-82.1555757231
-80.6455027051
-80.9373531968
-83.1911382149
-81.20984666
-81.8908660277
0
