#Name ABF1
#Condition YPD
#Pathway None
#Gene ABFP1
#Version 1.1
#Genome sacSer3


0.243351 0.100410 0.062406 0.081377 0.030510 0.160501 0.018327 0.243351 0.100410 0.062406 0.081377 0.030510 0.160501 0.018327 0.243351 0.100410 0.062406 0.081377 0.030510 0.160501 0.018327 0.243351 0.100410 0.062406 0.081377 0.030510 0.160501 0.018327 0.243351 0.100410 0.062406 0.081377 0.030510 0.160501 0.018327
0.238277 0.238938 0.240944 0.250488 0.224275 0.020998 0.021542 0.238277 0.238938 0.240944 0.250488 0.224275 0.020998 0.021542 0.238277 0.238938 0.240944 0.250488 0.224275 0.020998 0.021542 0.238277 0.238938 0.240944 0.250488 0.224275 0.020998 0.021542 0.238277 0.238938 0.240944 0.250488 0.224275 0.020998 0.021542
0.197053 0.530752 0.296460 0.772408 0.425631 0.025716 0.022131 0.197053 0.530752 0.296460 0.772408 0.425631 0.025716 0.022131 0.197053 0.530752 0.296460 0.772408 0.425631 0.025716 0.022131 0.197053 0.530752 0.296460 0.772408 0.425631 0.025716 0.022131 0.197053 0.530752 0.296460 0.772408 0.425631 0.025716 0.022131 
0.228863 0.163550 0.183318 0.146627 0.248268 0.947787 0.017930 0.228863 0.163550 0.183318 0.146627 0.248268 0.947787 0.017930 0.228863 0.163550 0.183318 0.146627 0.248268 0.947787 0.017930 0.228863 0.163550 0.183318 0.146627 0.248268 0.947787 0.017930 0.228863 0.163550 0.183318 0.146627 0.248268 0.947787 0.017930 